173
9318 8808
7258 1325
8553 4060
225 6092
2408 2644
2654 3668
8063 2369
6054 8506
3876 1779
7907 6591
3386 5876
4464 4640
2253 481
8813 2602
7150 9979
1630 5576
2452 3482
4578 5320
82 4860
9312 1494
7467 1606
695 4744
4124 3352
4098 4241
9633 2927
9965 8265
4789 4991
3081 846
8348 8514
5139 7382
1590 6335
9690 519
5544 5233
5747 6752
9192 8258
3743 5597
8071 5685
224 8544
9584 5004
4743 726
1456 7763
3464 9526
5327 6863
6612 1754
5021 1597
5962 5477
4425 6384
1352 2858
9662 7425
1864 7922
5999 861
1135 7706
3465 7386
1573 3463
5762 7428
1556 4450
9781 5974
5846 7473
6197 8411
2822 7794
8869 3955
4250 4298
8642 7465
6640 444
9523 8426
5679 6592
897 7401
7807 2867
5689 8922
3182 7659
9418 5071
5217 1739
7065 4601
7465 7714
2044 1055
9187 2919
7763 4961
8164 4253
2698 144
4367 2526
182 2885
2030 9061
8278 5768
5709 2862
4905 4392
9701 7715
7388 4154
6185 3330
9931 7152
1251 923
5255 6695
5888 5865
6365 2625
3371 2931
7592 3501
7958 5665
9676 7936
8178 5860
1550 7997
8946 1271
3744 2560
7383 2082
7023 5279
1587 3397
597 5396
8061 8065
9492 5107
1479 7323
5985 661
7064 4472
7813 9544
3838 6167
1443 631
6540 8558
8497 418
2665 7024
9541 4092
3802 597
1140 264
9198 3360
9319 9825
7719 4674
621 3918
5319 1613
7250 2845
5297 1908
4765 8699
3480 9259
5412 450
610 3510
5879 7076
9599 5520
4172 7668
7929 9215
6535 4871
8494 1389
4698 5745
3060 1764
7864 6359
1637 3144
7739 5144
7782 2663
7732 7108
2772 5770
5987 5114
5976 2045
3192 6504
1503 4101
4384 4827
3904 2014
569 8787
4012 3896
9942 1733
1971 2753
6997 3336
7267 6545
3589 4964
9051 7004
546 1611
9672 5196
5639 7723
7657 5833
1788 5941
7356 9565
9223 6560
5746 3596
6370 3016
9142 4013
5956 9380
9687 4151
5412 4882
1416 1478
8833 9317
