293
4987 8439
2580 6252
4008 5989
1346 1719
3720 3357
546 798
9910 8660
6611 7852
2478 9997
3810 945
6321 8086
6986 7657
1349 7276
6259 5787
9863 2881
7451 2068
3165 9704
6243 7288
3789 7911
7348 7275
8768 9711
6358 4414
8817 9692
7896 2857
4262 1081
545 5084
1087 7535
9481 8032
8895 5167
5004 384
5535 2759
5705 8103
7418 5836
4253 4657
4748 1066
9701 7714
104 9417
3332 4848
7976 5809
5900 9315
6503 9889
401 777
7244 4211
2072 5856
3840 2022
7345 839
2739 2420
4715 657
9830 5249
6671 8842
3802 6699
7923 5826
2005 1978
55 5078
9964 4842
7696 2123
8263 1285
5890 232
5664 2204
9289 7530
8514 6126
5207 8587
9773 3888
5622 1781
9041 3207
2548 5617
7294 7336
8666 2921
3624 6240
6257 8349
4649 383
3785 1050
8783 2776
5021 2832
9 4418
5973 3916
1526 5897
7928 4315
1989 6384
6335 2106
5698 982
38 4041
7707 7351
8570 5749
7890 1767
1614 1706
577 7889
8082 8316
98 1844
5582 3843
155 2202
6057 5238
8444 2745
5733 5581
9141 3854
6694 5142
4565 8631
303 2418
2812 106
1301 3445
3147 9459
8418 2156
2520 483
6779 2447
7487 7685
8102 2682
192 5633
8922 7692
5697 14
8030 8924
2454 1085
9813 6718
7326 2924
1939 5959
7409 7463
2978 12
1479 9839
5922 5988
6505 4613
3117 3416
1108 4360
5666 9611
3964 9321
5447 3861
3064 96
8646 6154
7249 599
1132 6065
1881 4250
6219 7791
1467 4100
7013 686
20 3713
6619 5821
6944 9569
8738 3047
4660 9376
5959 9220
9557 9372
7148 8812
2899 8056
885 1040
4853 2590
4252 3348
7666 3182
428 2157
2120 9180
7022 7541
2407 8873
9903 5064
1958 1521
7780 3621
3986 3104
3648 3669
2867 9294
7125 2294
2392 9775
6683 7369
6743 3440
6896 4733
6252 3380
1800 543
8988 6825
9816 1597
4589 417
5566 484
984 5624
3434 2609
9280 7933
3516 1119
1626 5615
4426 9180
4224 6583
3009 5314
8281 7579
6610 9420
3210 2423
3782 9622
2314 8606
3173 4677
7787 9538
8979 7024
604 4407
3093 4748
3661 753
5864 8220
5010 4257
9959 1981
386 9807
2877 5287
8943 767
3073 600
6254 581
9117 7387
8365 8030
2485 4951
2228 8336
5492 1983
7411 6087
3484 9703
6543 5713
4125 7912
114 2469
3470 2900
3175 520
6914 5055
367 5561
1937 666
5615 3608
3420 942
5540 1928
7545 5220
5113 4157
5676 1285
3156 8111
6477 8044
5216 4150
1327 5460
469 9579
965 4925
2703 2811
934 2071
6564 4691
5268 80
9684 902
554 9164
8359 1011
7317 6932
2878 3979
5986 9437
8032 9490
3754 2939
5086 9440
5889 945
5775 288
2611 8925
4771 78
2712 180
5620 2667
5164 9905
4272 2355
6157 9662
2140 5897
3683 4926
6681 7517
9552 5143
950 1548
3357 5195
5118 6209
5011 2445
8867 2115
4100 9099
8285 8890
6145 211
945 6038
9947 5148
5446 6487
562 3380
7867 6192
8902 898
1506 3707
9739 7070
537 8520
92 8411
6060 5474
4169 2787
4497 217
8426 1866
7201 74
7862 5363
760 8320
6675 6172
9831 1719
5202 9067
4594 7445
1783 5915
7965 2457
4171 8109
5081 6997
3665 3969
2590 4976
3904 4672
4746 4608
2977 7755
7465 7987
2722 5622
1806 86
8899 4359
3970 5411
4217 7226
8136 2567
9193 1541
5965 2556
