161
4471 8320
3810 9911
7280 51
4544 5445
2411 7553
182 2454
9005 4214
2841 6825
2640 9186
5452 1305
5913 8551
2010 7124
211 2566
1974 7765
2754 195
2939 5380
9740 8327
2164 2859
7173 6529
8768 7053
4673 2175
1146 4553
2097 2284
9896 2673
2897 7593
1728 8707
539 5428
8954 3490
3096 2253
1145 8604
4218 2642
6758 1070
1487 4696
9504 4581
59 9659
2971 3606
3853 8871
9694 1041
8505 8508
437 9644
7898 1936
1931 6101
726 2225
7444 8000
6892 4802
6067 2710
3152 8131
5332 4434
284 3773
107 8886
8647 5604
4541 9158
8393 7145
7697 992
9322 957
6992 1666
3536 9627
5978 7682
5468 6698
9233 1655
3555 9616
1603 7265
5805 4420
4331 7311
4261 3370
7278 6205
8180 2858
2603 7516
8202 769
4166 8293
2497 7619
5789 5022
3864 78
3057 2398
8692 6065
7095 3014
8170 288
6111 6531
3232 4518
4162 4464
9394 788
4313 1405
4430 8988
6701 3659
6452 6763
7495 7104
3134 429
530 6679
2208 142
5733 920
4785 7431
7473 9149
9869 6275
5065 6316
57 8289
3253 6624
6156 7214
1359 9193
8494 6816
6752 2077
2949 2079
1469 6766
8705 6820
9807 7809
8125 9727
4884 6432
9357 5254
6490 8391
2060 24
7782 9731
1421 681
1781 8933
4796 1022
3112 8637
4631 2898
6338 2487
9698 1519
4998 2432
4708 8468
6005 8335
8459 2449
5513 72
5506 4007
7719 7623
8838 2451
2454 3376
7143 5975
5874 5084
1211 333
8733 8286
6087 853
8292 4097
5068 5987
1864 4264
4314 4395
2202 9835
4926 9413
7890 3693
8435 4855
560 7047
8571 32
8383 7307
6725 9087
3078 7043
4452 3487
6071 8115
7634 8772
9906 9519
6554 4922
6660 6233
7554 8555
2385 265
7229 649
3807 1824
1556 5239
8493 6777
3835 2971
3812 9188
2299 430
3577 4570
8277 5934
