146 
5196 8925
2148 8030
2871 6602
3408 3486
9580 4036
4685 6070
337 1927
6570 110
4540 2570
5578 3029
7850 866
9770 314
6871 6515
4128 8810
2105 1310
9533 3542
4511 8927
1479 6840
2850 9783
7915 456
4889 4465
8407 391
1903 451
3988 126
5613 3814
5018 1067
5278 93
601 3668
4271 5771
7440 4796
5529 8351
6505 5416
8437 2525
8242 5717
3423 1379
4919 326
2214 35
2617 9497
3709 276
8918 2673
3565 5536
4084 2096
5240 3018
3041 448
656 7531
6166 2443
7498 9096
2680 9314
6951 1752
1985 4051
9419 5812
1172 7271
8349 3542
3183 164
7131 5084
7553 6843
9754 8293
2853 990
3091 2477
2906 4011
9480 1459
6691 8775
6448 6331
4582 5574
3379 9247
9550 9282
1134 3594
7492 8657
312 657
6261 448
7910 101
732 6872
6442 9378
5666 6125
3844 6534
7729 9657
575 8726
3098 3515
6688 6323
8830 8183
4182 9970
2284 6111
6634 9330
9102 8836
8173 5819
3664 5843
6831 7279
8771 6418
5189 1369
7704 1805
5357 3493
2846 3022
4530 8433
4097 681
4420 6843
2621 7338
41 5291
2431 6561
9071 3164
3976 4296
5252 4345
530 8821
9937 7504
3710 4233
3826 4206
4093 7524
700 5946
3045 7149
4723 1384
3175 5458
1786 1138
2265 7100
1170 3669
7100 8013
9440 3926
7502 4811
4292 7375
9928 2694
2780 8677
7825 7063
6721 5247
7489 8020
5251 2644
2084 6503
8930 8401
5083 9944
472 7805
7739 7380
4297 9630
897 2661
4992 3887
2068 1521
4844 7699
8277 1108
1756 4248
4411 1983
9410 7438
2569 2029
8051 3442
7154 2285
2973 7438
3395 8953
139 6479
9040 9662
4013 7425
5260 197
