8925 858
1635 6137
1715 6203
6995 6541
2387 653
6134 8047
43 6751
1888 1004
3359 8403
7313 3220
6201 1957
5981 5767
4036 1407
5699 9852
551 2291
6968 2359
2765 2268
3614 602
3640 3203
7207 3569
3226 8511
3594 3077
7169 6868
1457 2884
483 9825
1146 6649
1555 2382
2082 9510
6802 6059
4375 4533
7222 4529
1635 8449
8820 7825
7831 4984
7521 3844
3986 1818
9415 5888
9423 6365
7897 8511
3068 8513
8049 6235
1242 6910
9783 8025
614 8510
84 5037
7073 5219
2837 9020
3671 6805
594 580
6434 1816
7859 158
1950 7811
1288 2312
3818 5647
2503 8137
3334 1970
9308 3973
1085 8336
1079 5331
487 7504
782 6622
6258 5855
7280 5707
987 6030
3152 2740
2251 8741
1572 6746
8205 4849
3281 9966
9369 3050
5647 8131
8279 8380
5378 4481
8995 5591
3932 463
2920 9378
2397 307
588 2909
2543 2965
1295 2460
7307 8324
6214 4336
517 2805
5832 7116
4547 5895
1839 807
8823 5616
9099 6531
4234 4717
8741 1028
2879 85
3293 6847
3661 2548
7288 1153
5745 2349
4489 1160
946 7840
297 191
8172 5097
2477 847
3906 4067
1767 5910
395 6335
7297 8691
7542 307
3975 9743
3053 9664
4829 8046
717 820
6410 9243
4456 8816
6924 2089
2995 1987
2040 1700
981 8781
5476 3749
202 496
1342 573
4294 6233
4496 8397
8703 242
2499 8367
4133 655
4437 550
6255 9640
6359 785
5375 6180
2637 8120
4944 5346
1722 439
7595 8729
2223 1674
7898 7585
5566 1517
399 3838
7497 5093
8188 1229
1856 7311
5465 9619
1334 8604
3854 5101
4784 6291
6727 7366
7749 534
6684 7486
4761 1046
432 9872
2339 6154
4487 2806
9946 1722
8250 7769
680 5326
3949 1448
5436 2512
8816 9207
4930 9991
9765 536
7738 9941
9992 4505
6763 3481
7063 853
1658 7549
9629 4592
4285 8471
6662 9423
6488 4543
795 4561
2915 9063
1844 8909
7857 4740
1188 4426
7104 5726
5637 7892
224 5594
9157 572
6613 6686
8178 3404
9221 3930
4421 8976
9941 47
7111 9456
4976 700
2125 7221
110 4400
5705 5424
3469 632
9693 459
5584 978
8685 300
4228 5810
7177 8830
2171 2066
7612 9930
3012 4533
3577 3001
6198 3032
738 9668
7782 659
1849 7243
2793 2382
5256 5139
4909 7487
3305 4694
4953 1334
5222 1938
3629 9944
2207 7431
2971 9993
7278 8685
376 1041
137 4756
5845 2213
2645 6139
5095 1945
6712 9650
7429 2589
8439 2676
2638 8540
4451 3166
4641 1339
7888 3359
1530 9753
3998 3314
8539 8406
7214 9889
3689 5177
4214 2594
8375 1256
7500 6125
