224
9938 2680
9430 8407
5035 2170
5854 4379
8830 1825
397 5499
7458 8576
7821 2883
4072 7299
5828 1075
6797 8642
7649 4419
4429 8030
2279 3447
1723 9136
4251 5711
2300 4882
9540 735
2497 3167
5151 7702
4371 6330
2226 7074
8308 1259
455 7111
1450 1750
6842 7932
6425 2918
5741 3727
9061 7352
3515 1228
1781 1953
5831 6784
2800 4000
6959 5535
9355 2371
6698 2922
1049 819
5604 5134
4481 7580
3898 7306
3679 9698
4702 4842
4036 5248
3963 4641
4239 9719
7257 3932
7041 8276
6633 771
3407 961
3507 5870
6847 6078
5573 9827
202 2160
6133 1356
5923 8821
89 1843
1150 7718
5670 4795
8139 8766
6273 2129
958 8472
2911 2722
9727 6325
7991 1455
279 8737
4592 7849
2335 6030
1142 923
9045 1942
1627 759
3398 5529
8197 2583
1436 5067
9770 9625
475 7321
4725 1379
9614 8221
7384 9727
5181 5266
3902 8023
2792 1289
9804 2345
6843 3260
660 6616
5537 4227
1743 2509
6258 367
6419 6532
1657 6901
1003 7856
4385 7138
738 2824
6536 4005
9384 9970
8647 322
3340 4912
2787 7370
5017 2165
9564 5701
6604 6910
2947 7227
7482 3382
4770 3240
4134 326
2252 3684
287 7733
3181 8070
5510 9363
4045 1624
5990 9860
6597 6899
538 2039
8116 5764
7883 6080
253 153
3789 4249
2765 4790
1045 7826
4405 1288
1309 7446
6939 2996
5047 2116
6175 5418
8503 1781
2729 4013
3453 4969
2837 3631
5314 6900
630 596
175 4223
7084 8073
1447 2408
6892 8498
2478 7632
4119 4037
8630 1618
2709 4746
226 8544
3163 1685
1132 9984
2594 9926
3876 150
6442 584
4535 9936
7944 5470
5412 594
404 2053
5872 4162
9666 6206
7764 6580
4203 5221
729 6145
2602 3957
855 8601
4340 4748
138 51
4501 9378
7689 7447
832 8392
398 7729
3729 5749
8563 2380
3197 8957
2051 8129
8273 845
7398 9137
7417 4891
7685 1212
6606 7600
7912 4800
8216 2119
8753 1688
9850 1148
4839 737
6244 7826
8166 1671
8565 1825
335 4168
3954 1130
3942 936
967 1638
5665 3128
1293 3574
9206 8924
439 2877
3811 8713
5338 3867
265 3389
9041 339
279 9703
8084 4296
6908 4505
9824 805
6011 2508
4285 6683
8836 1913
786 6293
3264 9055
1790 1867
1680 9166
2056 2883
5471 3926
5525 4197
2626 9577
7900 3952
2093 5967
9765 3552
3889 6782
8320 6107
899 9445
9265 1868
4734 3870
1573 8014
9989 2152
7499 9537
7763 8082
7836 8790
6112 66
2493 6834
7290 3823
5795 1938
5206 2409
4058 4764
3530 2055
