248
9341 2648
9057 9557
4815 4206
559 8209
9962 3018
5252 1994
3565 9166
5530 6683
9860 1220
8376 8412
4544 5839
8907 1224
9316 518
5523 3957
5494 1275
4045 1039
418 3693
2233 4123
5705 9380
5444 1904
9577 9181
7676 9943
808 9020
1828 5144
7647 9244
1850 2830
9105 5600
3821 4921
3744 4041
6498 2029
4292 8746
5673 5820
5355 4925
6038 3066
2909 6902
5139 9551
6711 9911
4855 1638
5487 1149
6406 3664
5862 1005
4360 7992
7073 9592
6328 3968
8169 1039
9285 7608
3030 6186
3655 6197
6383 7682
3600 9972
9638 8576
8435 5878
7086 4681
6603 5316
6760 439
274 4775
7908 1673
9157 8003
9580 3675
7724 5150
6259 9745
482 2839
8775 8244
7192 651
2458 5652
1422 9665
7016 5759
9328 4027
2265 9857
2869 2843
3447 3242
3286 5167
2009 2840
8402 4984
4790 6171
2449 445
4631 7823
7252 192
1814 6504
291 7733
3363 3288
5714 3603
3215 831
3464 7998
6781 1790
9241 153
1419 3345
6945 5180
6419 3315
4799 2071
3645 1232
4905 5295
1001 8146
1603 457
7071 7185
4967 524
3957 321
9268 3453
5152 4186
5375 6093
8122 7626
4549 1946
2107 2691
7923 9968
4495 9521
7499 2778
6909 9442
3750 6227
8809 654
9300 1885
6867 7037
377 5501
660 2044
9114 7495
7718 5019
3432 4600
7656 6856
5134 1249
1142 3201
2461 2996
2794 6207
881 1378
5612 8203
9679 5990
9286 3800
6739 6592
6466 1553
924 6904
5178 444
6374 4295
2887 3398
2595 8492
3972 9854
2983 8096
6018 2856
5996 1753
1141 7287
9238 1333
4811 8065
4923 1768
4102 4485
6442 4050
9256 4735
2641 9820
735 3597
1123 2533
55 9693
870 566
8809 2200
2597 194
7025 6098
3097 8378
4922 8069
6343 5234
2719 6289
2026 9287
2536 5873
8275 7891
9581 9543
7123 3577
1693 2747
9706 2550
6627 8282
1213 5330
5992 1613
1070 6664
9758 7106
6806 7178
4720 5224
4381 4575
6709 2265
2710 6254
7833 2507
6643 5847
4269 3926
3203 2157
9511 6193
2001 528
84 2071
1620 7301
6095 7830
353 1074
9029 3149
7157 3217
6882 289
6818 4958
4119 8976
7702 440
3554 5302
4495 621
6543 5636
5459 6968
9396 7905
7132 9183
464 8981
7566 3795
3695 7387
8889 1435
2182 4438
9319 9763
7888 36
4858 4275
2237 310
8283 4505
6061 8291
6100 811
530 2763
9842 7792
5081 6519
4778 4623
6538 4377
423 7720
7883 9979
7734 2288
5828 433
6560 4981
2939 5220
9428 6509
9809 7946
8714 8959
3927 4657
8176 9895
4112 2235
819 5753
4958 8110
990 6711
5271 1083
8462 8654
2119 7378
3179 9761
4978 4650
9097 7188
1013 7751
8999 8961
8541 853
84 9531
127 3153
3643 9146
8578 9897
3852 4776
5745 7399
246 2914
2846 7468
9643 35
6004 973
7496 8611
8106 75
9305 8540
