209 
9218 6873
3176 6613
8091 1182
8012 808
7015 1288
3709 3126
4131 5463
3101 9986
4567 5714
5309 9499
6000 5037
8295 9150
5978 5192
8127 4609
701 6214
497 1177
8221 9040
5005 883
9440 2093
4880 8030
5565 3543
7655 6041
7366 2771
4834 2134
2710 9074
2520 4489
2330 2542
5743 2285
1969 5917
6238 4964
1616 5888
3703 7216
3438 7565
3814 2590
8641 4638
1476 3674
9156 4454
8538 9655
9559 1074
9585 490
1076 8958
7363 489
2077 6280
4797 708
6317 4314
2169 8944
916 1595
1446 7369
3199 6581
2528 3944
9292 1046
2388 9699
6835 145
9529 3457
8653 1720
3208 9111
2497 3023
4901 7522
118 7876
1591 444
8896 590
3789 4490
6727 6592
3225 4882
58 9200
3903 8547
600 3519
7710 8719
3523 1297
9636 115
9252 4330
8008 5443
6482 2958
6938 5574
254 3254
9492 7684
8341 7697
7897 4309
1140 5579
3709 9437
4472 1524
9873 395
5907 6034
4063 9055
247 5927
133 9095
1692 3936
6049 6077
218 8823
2688 5380
344 9107
3794 5360
4650 890
2275 3751
2906 9561
3216 5313
6113 5896
2313 1
7248 6154
8214 2104
9889 2973
2371 7703
4320 3186
7206 8304
2629 5792
6107 1784
2908 3398
5992 4271
5374 2242
9543 7470
1241 1760
5540 9747
5899 7633
3322 3611
751 8700
1189 9425
994 310
5130 5744
508 4114
9897 5176
417 3062
2760 3451
5123 2206
85 4631
7308 1750
9278 7912
4306 4309
1899 3865
2538 9244
3312 8081
7776 3390
1708 3188
133 6527
3356 2254
5656 7883
5158 776
8614 2699
3368 217
1782 6934
1293 4715
3621 1931
1002 7354
8841 8549
7158 766
3296 2903
377 5034
5082 9353
31 3380
3063 6716
9688 9982
8442 3957
1911 2608
1333 2117
1222 8318
112 3041
3847 3184
2523 2544
4646 3859
8332 536
3266 8791
785 1719
808 9223
1789 8327
62 9633
4982 7392
4542 1959
9409 3997
5204 8968
9776 8228
416 9371
9414 5509
3093 5630
3680 6983
7794 8012
8388 2905
3048 7192
7822 664
7435 2408
6259 2196
3736 9369
4843 1870
7951 5324
5835 8975
5077 6325
6795 8623
4735 7413
8769 5181
5990 2408
6628 7329
9402 7892
5322 9690
9191 8360
5192 6671
3168 6077
6258 8618
5093 9361
1323 1468
5157 8228
3608 3934
3545 133
4465 8313
4289 6630
3132 1118
7602 148
3275 7575
7879 9533
2614 3832
1985 9226
9387 8537
