235
9189 7740
4472 4742
460 8215
4964 158
7184 7328
7105 7790
4584 8049
3542 7315
9152 4632
8247 8075
3978 8165
5638 9941
5163 1090
3969 4754
2960 4323
4653 540
6872 9805
6490 3219
242 6033
5762 6638
4489 4458
3097 8894
2532 180
1175 9054
4070 4243
8270 9347
468 9750
8616 1742
3986 8627
8305 8342
6616 5799
8896 2336
6665 8671
2374 5097
3227 8854
2722 5614
9433 2588
2289 9293
1558 4829
4769 9979
5694 4136
8829 651
1503 6619
3430 4658
6122 8679
7849 8690
2050 4182
6915 1548
5231 6915
2666 662
3972 4268
4112 9632
5246 2819
205 5774
9795 1628
3220 5830
501 8026
843 9194
374 61
5259 674
9024 539
5846 5478
9377 4015
8855 1420
1111 1256
2332 35
2192 915
3076 9186
7355 1513
6424 5798
9596 7155
1441 5848
118 9126
8380 7077
322 7155
4861 6523
2548 2361
4321 7637
6307 595
6151 5544
729 9848
8470 6386
5416 4440
8908 15
1393 8290
3179 996
6690 7328
8666 8054
1307 472
9418 9094
8756 3435
4995 8550
9741 9907
2681 2606
2987 7594
7448 1689
6319 5425
132 4742
9522 57
9334 6320
5007 8009
7487 7579
9077 105
7630 2496
8073 2533
3325 2038
8806 6723
3518 1574
9279 7896
3551 8653
8751 363
1063 8391
5017 1705
1512 3427
3487 8126
9106 7151
3026 8670
1330 1133
5718 5567
1458 4131
3132 3775
2884 4751
6707 8060
1969 7144
6055 944
9573 79
4790 2950
1697 4587
1568 1724
4160 6585
3876 1939
2611 6907
82 6220
7438 4018
5913 4294
1918 6020
8149 1306
1717 5352
2726 9037
2882 2130
889 2582
5168 7239
8265 5134
9077 6671
1117 6698
4893 9084
9885 8130
4209 3245
49 60
8783 109
4847 2829
7290 483
9094 5074
4738 5183
6761 5102
9143 8341
6626 535
5406 8516
9056 7333
4678 2713
7874 4301
1186 6581
3081 748
7130 1561
6081 3242
4470 7299
4426 9079
8166 2911
1254 8259
8353 5316
4535 6320
1950 887
805 1613
6014 8842
810 6872
3358 4545
5324 4841
3296 705
8513 6928
6308 9281
7532 2813
7702 4953
6292 2798
6824 564
1498 22
6837 4286
6065 907
4520 7059
6698 2675
7957 3424
8880 1034
1977 8613
4835 8731
9716 2948
1411 1716
1865 657
1747 5630
8896 70
5327 7956
4287 9440
5993 9738
8440 6474
9085 8471
271 3708
4863 770
9663 2245
4925 5126
4927 7088
8646 8928
4710 3119
5179 4243
340 9197
2169 2558
7880 8928
2702 7784
9146 6640
4343 5552
5222 5369
8571 3165
5956 8106
1868 4100
5470 9545
9114 9928
7108 7552
7209 5732
2360 401
8986 2119
9603 6849
1073 5233
8874 21
8134 3779
9512 1071
705 3992
260 7651
6993 7535
