121
5923 5815
7484 1621
3138 4181
5543 8270
3997 5836
9295 7884
1705 7084
4292 2325
8701 418
3285 1005
2688 9779
2336 1571
4874 3580
9448 2392
7466 6004
72 1165
6943 5628
7225 8190
2649 4693
1090 7551
5612 6248
8649 9210
8831 6996
5262 6944
9500 6971
8239 5914
5918 6553
6640 3903
3115 4984
502 6773
7801 3719
9375 9380
7080 3478
4802 2097
9870 3087
3850 4363
2292 8051
4372 2514
9639 3045
8128 6045
5511 6427
8806 5756
6428 4092
4180 5662
8423 2346
6236 204
2134 2814
9926 8826
1009 5555
3444 6253
2918 2
2112 2467
2046 5579
1114 7090
81 2697
199 4680
4866 7109
2413 4055
5502 4511
1796 3648
178 9190
5744 6222
9367 6794
6459 3314
2859 5872
6927 8821
3246 3604
7672 1613
7748 7465
5623 4739
3511 2635
3287 2982
2413 5816
9289 2244
6678 2708
2231 967
3208 5808
2979 9062
7582 644
5583 3291
7978 4888
8738 8799
2528 2731
9499 6134
993 1796
7331 6321
1865 5737
9806 2239
1761 1654
5310 8038
5667 692
6285 8411
3184 90
6631 9098
5402 9504
3170 9148
4355 9328
812 7977
7999 4262
4007 8051
5453 2900
7401 7040
3647 8635
9630 2304
7014 2057
7734 9909
2078 677
8111 8226
8216 4352
5945 1246
9420 8873
209 6917
5366 8612
2738 1895
3318 4072
989 9077
8356 218
217 8712
6564 7681
1623 9755
8364 3347
